0.1071430000,0.6030700000,-1.0000000000,-1.0000000000
0.0933180000,0.6498540000,1.0000000000,-1.0000000000
0.0979263000,0.7054090000,-1.0000000000,1.0000000000
0.1555300000,0.7843570000,1.0000000000,-1.0000000000
0.2108290000,0.8662280000,-1.0000000000,-1.0000000000
0.3283410000,0.9290940000,-1.0000000000,-1.0000000000
0.4297240000,0.9349420000,1.0000000000,-1.0000000000
0.6209680000,0.9349420000,1.0000000000,-1.0000000000
0.7569120000,0.9100880000,1.0000000000,-1.0000000000
0.8191240000,0.8793860000,1.0000000000,-1.0000000000
0.8099080000,0.8369880000,1.0000000000,-1.0000000000
0.7500000000,0.8194440000,-1.0000000000,-1.0000000000
0.7730410000,0.8545320000,-1.0000000000,-1.0000000000
0.7707370000,0.8896200000,-1.0000000000,-1.0000000000
0.7661290000,0.8998540000,-1.0000000000,-1.0000000000
0.7799540000,0.8355260000,1.0000000000,-1.0000000000
0.7500000000,0.7916670000,1.0000000000,-1.0000000000
0.7615210000,0.7653510000,1.0000000000,-1.0000000000
0.8145160000,0.8326020000,1.0000000000,1.0000000000
0.8145160000,0.8852340000,1.0000000000,-1.0000000000
0.5633640000,0.9217840000,-1.0000000000,-1.0000000000
0.4942400000,0.8998540000,-1.0000000000,-1.0000000000
0.4804150000,0.8633040000,-1.0000000000,1.0000000000
0.4481570000,0.8194440000,-1.0000000000,-1.0000000000
0.4251150000,0.8574560000,1.0000000000,1.0000000000
0.4504610000,0.8998540000,-1.0000000000,-1.0000000000
0.5103690000,0.9378650000,-1.0000000000,-1.0000000000
0.4988480000,0.9451750000,-1.0000000000,-1.0000000000
0.3513820000,0.9349420000,-1.0000000000,-1.0000000000
0.2730410000,0.9013160000,-1.0000000000,-1.0000000000
0.2338710000,0.8618420000,1.0000000000,1.0000000000
0.2154380000,0.8589180000,1.0000000000,-1.0000000000
0.1347930000,0.8618420000,1.0000000000,1.0000000000
0.0748848000,0.8720760000,-1.0000000000,-1.0000000000
0.0587558000,0.8720760000,1.0000000000,-1.0000000000
0.1002300000,0.8384500000,-1.0000000000,-1.0000000000
0.1209680000,0.8311400000,1.0000000000,1.0000000000
0.1324880000,0.8135960000,-1.0000000000,-1.0000000000
0.1370970000,0.7741230000,1.0000000000,1.0000000000
0.1163590000,0.7492690000,1.0000000000,-1.0000000000
0.1048390000,0.7273390000,-1.0000000000,-1.0000000000
0.1071430000,0.6995610000,-1.0000000000,-1.0000000000
0.0910138000,0.6542400000,1.0000000000,-1.0000000000
0.0679724000,0.6337720000,1.0000000000,-1.0000000000
0.0679724000,0.6235380000,-1.0000000000,-1.0000000000
0.0933180000,0.5855260000,-1.0000000000,-1.0000000000
0.1624420000,0.5796780000,1.0000000000,-1.0000000000
0.1785710000,0.5957600000,1.0000000000,-1.0000000000
0.1440090000,0.6425440000,1.0000000000,-1.0000000000
0.1094470000,0.6454680000,-1.0000000000,-1.0000000000
0.1463130000,0.7039470000,-1.0000000000,-1.0000000000
0.1486180000,0.7419590000,1.0000000000,-1.0000000000
0.1601380000,0.7770470000,-1.0000000000,1.0000000000
0.1232720000,0.7916670000,1.0000000000,-1.0000000000
0.1048390000,0.8150580000,-1.0000000000,-1.0000000000
0.0817972000,0.8238300000,1.0000000000,-1.0000000000
0.0587558000,0.8823100000,-1.0000000000,-1.0000000000
0.0956221000,0.8940060000,1.0000000000,-1.0000000000
0.1440090000,0.8896200000,-1.0000000000,1.0000000000
0.1693550000,0.8647660000,1.0000000000,-1.0000000000
0.1647470000,0.8442980000,1.0000000000,-1.0000000000
0.1186640000,0.8399120000,1.0000000000,-1.0000000000
0.1624420000,0.8837720000,-1.0000000000,-1.0000000000
0.2361750000,0.8998540000,-1.0000000000,-1.0000000000
0.2776500000,0.9364040000,1.0000000000,-1.0000000000
0.2983870000,0.9554090000,1.0000000000,-1.0000000000
0.3375580000,0.9612570000,-1.0000000000,-1.0000000000
0.3421660000,0.9583330000,-1.0000000000,-1.0000000000
0.2937790000,0.9334800000,-1.0000000000,-1.0000000000
0.2592170000,0.9247080000,1.0000000000,-1.0000000000
0.2523040000,0.9422510000,1.0000000000,-1.0000000000
0.2131340000,0.9217840000,1.0000000000,-1.0000000000
0.2039170000,0.8910820000,1.0000000000,-1.0000000000
0.1923960000,0.8808480000,-1.0000000000,-1.0000000000
0.3629030000,0.9612570000,1.0000000000,-1.0000000000
0.4182030000,0.9641810000,-1.0000000000,-1.0000000000
0.4297240000,0.9671050000,1.0000000000,-1.0000000000
0.3905530000,0.9422510000,-1.0000000000,-1.0000000000
0.3905530000,0.9364040000,-1.0000000000,-1.0000000000
0.4182030000,0.9232460000,-1.0000000000,-1.0000000000
0.4135940000,0.9013160000,1.0000000000,-1.0000000000
0.4112900000,0.8881580000,1.0000000000,-1.0000000000
0.4573730000,0.8647660000,1.0000000000,-1.0000000000
0.4665900000,0.8486840000,-1.0000000000,-1.0000000000
0.5080650000,0.9071640000,-1.0000000000,-1.0000000000
0.5218890000,0.9276320000,1.0000000000,-1.0000000000
0.4343320000,0.9334800000,-1.0000000000,-1.0000000000
0.4481570000,0.9583330000,-1.0000000000,-1.0000000000
0.4642860000,0.9729530000,-1.0000000000,-1.0000000000
0.5080650000,0.9568710000,-1.0000000000,-1.0000000000
0.5241940000,0.9349420000,1.0000000000,-1.0000000000
0.5679720000,0.9276320000,-1.0000000000,-1.0000000000
0.5864060000,0.9554090000,1.0000000000,-1.0000000000
0.5910140000,0.9583330000,-1.0000000000,-1.0000000000
0.6255760000,0.9524850000,1.0000000000,-1.0000000000
0.6624420000,0.9495610000,-1.0000000000,-1.0000000000
0.6900920000,0.9364040000,1.0000000000,-1.0000000000
0.6831800000,0.9232460000,-1.0000000000,-1.0000000000
0.7407830000,0.9188600000,-1.0000000000,-1.0000000000
0.7661290000,0.9144740000,1.0000000000,-1.0000000000
0.7154380000,0.8925440000,1.0000000000,-1.0000000000
0.7292630000,0.8896200000,-1.0000000000,-1.0000000000
0.7453920000,0.8750000000,1.0000000000,-1.0000000000
0.7384790000,0.8501460000,1.0000000000,-1.0000000000
0.7384790000,0.8399120000,-1.0000000000,-1.0000000000
0.7799540000,0.8165200000,1.0000000000,-1.0000000000
0.8053000000,0.7989770000,1.0000000000,-1.0000000000
0.7960830000,0.7902050000,1.0000000000,-1.0000000000
0.7822580000,0.7638890000,-1.0000000000,-1.0000000000
0.7661290000,0.7565790000,-1.0000000000,-1.0000000000
0.7200460000,0.8428360000,1.0000000000,-1.0000000000
0.7384790000,0.8896200000,-1.0000000000,-1.0000000000
0.7407830000,0.9232460000,1.0000000000,1.0000000000
0.7154380000,0.9393270000,1.0000000000,-1.0000000000
0.6762670000,0.9407890000,1.0000000000,1.0000000000
0.6370970000,0.9217840000,1.0000000000,1.0000000000
0.6808760000,0.9159360000,-1.0000000000,-1.0000000000
0.7407830000,0.9159360000,-1.0000000000,-1.0000000000
0.7569120000,0.9378650000,1.0000000000,-1.0000000000
0.7776500000,0.9510230000,1.0000000000,1.0000000000
0.8329490000,0.9188600000,1.0000000000,1.0000000000
0.7799540000,0.8720760000,-1.0000000000,-1.0000000000
0.7776500000,0.8530700000,-1.0000000000,-1.0000000000
0.7707370000,0.9261700000,1.0000000000,1.0000000000
0.6716590000,0.9554090000,-1.0000000000,-1.0000000000
0.5748850000,0.9466370000,1.0000000000,1.0000000000
0.5449310000,0.9290940000,1.0000000000,-1.0000000000
0.5034560000,0.9144740000,1.0000000000,1.0000000000
0.4435480000,0.9232460000,-1.0000000000,-1.0000000000
0.3905530000,0.9305560000,1.0000000000,1.0000000000
0.3375580000,0.9261700000,-1.0000000000,-1.0000000000
0.3698160000,0.9232460000,1.0000000000,-1.0000000000
0.4366360000,0.9100880000,-1.0000000000,-1.0000000000
0.5357140000,0.9597950000,1.0000000000,-1.0000000000
0.4573730000,0.9597950000,-1.0000000000,-1.0000000000
0.4228110000,0.9393270000,1.0000000000,-1.0000000000
0.4089860000,0.9057020000,1.0000000000,-1.0000000000
0.3675120000,0.9086260000,-1.0000000000,-1.0000000000
0.3145160000,0.9203220000,-1.0000000000,-1.0000000000
0.3329490000,0.9247080000,1.0000000000,-1.0000000000
0.4573730000,0.9232460000,-1.0000000000,-1.0000000000
0.5080650000,0.9144740000,-1.0000000000,1.0000000000
0.4735020000,0.9495610000,1.0000000000,-1.0000000000
0.5380180000,0.9627190000,1.0000000000,-1.0000000000
0.6970050000,0.9554090000,1.0000000000,-1.0000000000
0.7500000000,0.9510230000,1.0000000000,-1.0000000000
0.8006910000,0.9130120000,-1.0000000000,-1.0000000000
0.8237330000,0.8647660000,-1.0000000000,-1.0000000000
0.7108290000,0.8618420000,1.0000000000,-1.0000000000
0.7016130000,0.8866960000,-1.0000000000,-1.0000000000
0.6370970000,0.9100880000,1.0000000000,-1.0000000000
0.5933180000,0.9173980000,-1.0000000000,-1.0000000000
0.5633640000,0.9173980000,-1.0000000000,-1.0000000000
0.5403230000,0.9100880000,-1.0000000000,-1.0000000000
0.5103690000,0.8837720000,-1.0000000000,-1.0000000000
0.5011520000,0.8633040000,1.0000000000,-1.0000000000
0.4804150000,0.8413740000,1.0000000000,-1.0000000000
0.4320280000,0.8559940000,-1.0000000000,-1.0000000000
0.4043780000,0.8764620000,-1.0000000000,-1.0000000000
0.3652070000,0.8983920000,1.0000000000,1.0000000000
0.3145160000,0.8983920000,-1.0000000000,-1.0000000000
0.2776500000,0.8954680000,-1.0000000000,-1.0000000000
0.2638250000,0.8910820000,1.0000000000,-1.0000000000
0.2361750000,0.8750000000,-1.0000000000,-1.0000000000
0.2223500000,0.8603800000,1.0000000000,-1.0000000000
0.1947000000,0.8501460000,-1.0000000000,-1.0000000000
0.1716590000,0.8340640000,1.0000000000,-1.0000000000
0.1762670000,0.8194440000,1.0000000000,-1.0000000000
0.1831800000,0.7872810000,-1.0000000000,-1.0000000000
0.1601380000,0.7536550000,-1.0000000000,-1.0000000000
0.1117510000,0.7478070000,-1.0000000000,-1.0000000000
0.0887097000,0.7390350000,1.0000000000,1.0000000000
0.0933180000,0.7010230000,-1.0000000000,-1.0000000000
0.1255760000,0.6834800000,-1.0000000000,-1.0000000000
0.1624420000,0.6542400000,-1.0000000000,-1.0000000000
0.1278800000,0.6308480000,1.0000000000,-1.0000000000
0.1347930000,0.5884500000,1.0000000000,1.0000000000
0.1854840000,0.5884500000,1.0000000000,1.0000000000
0.1923960000,0.6250000000,-1.0000000000,-1.0000000000
0.1324880000,0.6644740000,-1.0000000000,-1.0000000000
0.1002300000,0.6703220000,-1.0000000000,-1.0000000000
0.0748848000,0.6717840000,-1.0000000000,-1.0000000000
0.0702765000,0.7054090000,1.0000000000,-1.0000000000
0.0933180000,0.7214910000,-1.0000000000,-1.0000000000
0.1002300000,0.7521930000,1.0000000000,1.0000000000
0.0656682000,0.7595030000,-1.0000000000,-1.0000000000
0.0817972000,0.7741230000,-1.0000000000,-1.0000000000
0.0979263000,0.7741230000,1.0000000000,-1.0000000000
0.8214290000,0.8969300000,1.0000000000,-1.0000000000
0.8582950000,0.8457600000,1.0000000000,-1.0000000000
0.8145160000,0.8209060000,-1.0000000000,-1.0000000000
0.7891710000,0.7989770000,1.0000000000,-1.0000000000
0.7914750000,0.7492690000,1.0000000000,-1.0000000000
0.3721200000,0.8516080000,-1.0000000000,-1.0000000000
0.3513820000,0.8633040000,-1.0000000000,-1.0000000000
0.3053000000,0.8545320000,-1.0000000000,0.0000000000
0.3237330000,0.8413740000,-1.0000000000,-1.0000000000
0.2891710000,0.8340640000,1.0000000000,-1.0000000000
0.2776500000,0.8296780000,-1.0000000000,0.0000000000
0.2937790000,0.8106730000,-1.0000000000,-1.0000000000
0.2983870000,0.8019010000,-1.0000000000,0.0000000000
0.3168200000,0.8413740000,1.0000000000,-1.0000000000
0.3536870000,0.8340640000,1.0000000000,-1.0000000000
0.3536870000,0.8238300000,1.0000000000,-1.0000000000
0.3053000000,0.8048250000,1.0000000000,-1.0000000000
0.2914750000,0.7843570000,1.0000000000,-1.0000000000
0.2615210000,0.8004390000,-1.0000000000,-1.0000000000
0.2684330000,0.8004390000,1.0000000000,-1.0000000000
0.2707370000,0.8165200000,1.0000000000,-1.0000000000
0.2476960000,0.8062870000,1.0000000000,-1.0000000000
0.2592170000,0.7814330000,-1.0000000000,-1.0000000000
0.2615210000,0.7785090000,-1.0000000000,0.0000000000
0.2338710000,0.7624270000,1.0000000000,-1.0000000000
0.2292630000,0.7258770000,1.0000000000,-1.0000000000
0.2661290000,0.7068710000,-1.0000000000,-1.0000000000
0.3029950000,0.6966370000,1.0000000000,0.0000000000
0.2937790000,0.6790940000,-1.0000000000,-1.0000000000
0.2684330000,0.6615500000,1.0000000000,0.0000000000
0.2822580000,0.6527780000,1.0000000000,-1.0000000000
0.3122120000,0.6440060000,1.0000000000,-1.0000000000
0.3490780000,0.6264620000,1.0000000000,-1.0000000000
0.3513820000,0.6059940000,1.0000000000,-1.0000000000
0.3790320000,0.5811400000,-1.0000000000,-1.0000000000
0.4205070000,0.5533630000,-1.0000000000,-1.0000000000
0.3790320000,0.5299710000,-1.0000000000,-1.0000000000
0.3467740000,0.5182750000,-1.0000000000,0.0000000000
0.3375580000,0.5255850000,-1.0000000000,-1.0000000000
0.3467740000,0.5650580000,-1.0000000000,-1.0000000000
0.3605990000,0.5840640000,-1.0000000000,-1.0000000000
0.3191240000,0.6206140000,1.0000000000,-1.0000000000
0.3283410000,0.6688600000,1.0000000000,-1.0000000000
0.3352530000,0.6820180000,1.0000000000,-1.0000000000
0.3076040000,0.7302630000,-1.0000000000,0.0000000000
0.3053000000,0.7638890000,-1.0000000000,-1.0000000000
0.3191240000,0.8092110000,-1.0000000000,-1.0000000000
0.3352530000,0.8209060000,1.0000000000,-1.0000000000
0.3605990000,0.8282160000,1.0000000000,-1.0000000000
0.3882490000,0.8223680000,-1.0000000000,0.0000000000
0.4043780000,0.7989770000,1.0000000000,-1.0000000000
0.4135940000,0.7887430000,-1.0000000000,-1.0000000000
0.3744240000,0.7682750000,1.0000000000,-1.0000000000
0.3652070000,0.7653510000,1.0000000000,-1.0000000000
0.3675120000,0.7770470000,-1.0000000000,-1.0000000000
0.3698160000,0.8004390000,1.0000000000,-1.0000000000
0.3467740000,0.7989770000,-1.0000000000,0.0000000000
0.3329490000,0.7799710000,1.0000000000,-1.0000000000
0.3329490000,0.7390350000,-1.0000000000,-1.0000000000
0.3582950000,0.6907890000,-1.0000000000,0.0000000000
0.3536870000,0.6615500000,1.0000000000,0.0000000000
0.3675120000,0.6396200000,1.0000000000,-1.0000000000
0.3951610000,0.6176900000,-1.0000000000,-1.0000000000
0.3859450000,0.6089180000,1.0000000000,-1.0000000000
0.4389400000,0.5913740000,1.0000000000,-1.0000000000
0.4228110000,0.5723680000,-1.0000000000,0.0000000000
0.4504610000,0.5343570000,1.0000000000,-1.0000000000
0.4642860000,0.5387430000,-1.0000000000,-1.0000000000
0.4711980000,0.5913740000,-1.0000000000,-1.0000000000
0.4619820000,0.6293860000,1.0000000000,-1.0000000000
0.4366360000,0.6483920000,1.0000000000,-1.0000000000
0.4066820000,0.6761700000,-1.0000000000,-1.0000000000
0.3744240000,0.7024850000,-1.0000000000,-1.0000000000
0.3582950000,0.7624270000,1.0000000000,-1.0000000000
0.3675120000,0.7390350000,-1.0000000000,0.0000000000
0.4066820000,0.6673980000,1.0000000000,-1.0000000000
0.4228110000,0.6118420000,1.0000000000,-1.0000000000
0.4850230000,0.5986840000,1.0000000000,-1.0000000000
0.4804150000,0.6147660000,1.0000000000,-1.0000000000
0.5080650000,0.6323100000,1.0000000000,-1.0000000000
0.5149770000,0.6498540000,-1.0000000000,0.0000000000
0.5264980000,0.6600880000,-1.0000000000,-1.0000000000
0.5587560000,0.6673980000,-1.0000000000,0.0000000000
0.5748850000,0.6747080000,-1.0000000000,-1.0000000000
0.5933180000,0.6761700000,-1.0000000000,-1.0000000000
0.6417050000,0.6615500000,1.0000000000,-1.0000000000
0.6785710000,0.6396200000,-1.0000000000,0.0000000000
0.7039170000,0.6162280000,1.0000000000,-1.0000000000
0.7269590000,0.5869880000,-1.0000000000,-1.0000000000
0.7384790000,0.5577490000,-1.0000000000,-1.0000000000
0.7799540000,0.5285090000,1.0000000000,-1.0000000000
0.7891710000,0.5270470000,1.0000000000,-1.0000000000
0.7845620000,0.5562870000,1.0000000000,-1.0000000000
0.7845620000,0.5972220000,-1.0000000000,-1.0000000000
0.7500000000,0.6425440000,1.0000000000,-1.0000000000
0.7384790000,0.6615500000,-1.0000000000,-1.0000000000
0.7292630000,0.6732460000,-1.0000000000,-1.0000000000
0.6785710000,0.6937130000,-1.0000000000,-1.0000000000
0.6647470000,0.6966370000,-1.0000000000,-1.0000000000
0.5910140000,0.7068710000,-1.0000000000,-1.0000000000
0.5495390000,0.6922510000,1.0000000000,-1.0000000000
0.5311060000,0.6747080000,1.0000000000,-1.0000000000
0.4942400000,0.6542400000,1.0000000000,-1.0000000000
0.4412440000,0.6527780000,-1.0000000000,-1.0000000000
0.4274190000,0.6688600000,-1.0000000000,-1.0000000000
0.3974650000,0.6980990000,-1.0000000000,-1.0000000000
0.3974650000,0.7024850000,1.0000000000,-1.0000000000
0.4665900000,0.6761700000,1.0000000000,-1.0000000000
0.5080650000,0.6820180000,1.0000000000,-1.0000000000
0.5080650000,0.6849420000,-1.0000000000,-1.0000000000
0.5472350000,0.7054090000,1.0000000000,-1.0000000000
0.5841010000,0.7097950000,1.0000000000,0.0000000000
0.6117510000,0.7141810000,-1.0000000000,-1.0000000000
0.6693550000,0.7112570000,-1.0000000000,-1.0000000000
0.6347930000,0.6834800000,-1.0000000000,-1.0000000000
0.7108290000,0.6849420000,1.0000000000,0.0000000000
0.6923960000,0.6644740000,1.0000000000,-1.0000000000
0.7476960000,0.6557020000,-1.0000000000,-1.0000000000
0.7292630000,0.6323100000,-1.0000000000,-1.0000000000
0.7361750000,0.6074560000,-1.0000000000,-1.0000000000
0.7430880000,0.5942980000,1.0000000000,-1.0000000000
0.7730410000,0.5826020000,-1.0000000000,-1.0000000000
0.7476960000,0.5533630000,1.0000000000,-1.0000000000
0.7615210000,0.5431290000,-1.0000000000,-1.0000000000
0.8076040000,0.5372810000,-1.0000000000,-1.0000000000
0.8122120000,0.5460530000,1.0000000000,-1.0000000000
0.8306450000,0.5767540000,1.0000000000,-1.0000000000
0.8237330000,0.5855260000,1.0000000000,-1.0000000000
0.7937790000,0.6250000000,-1.0000000000,-1.0000000000
0.7776500000,0.6410820000,-1.0000000000,-1.0000000000
0.7569120000,0.6527780000,-1.0000000000,-1.0000000000
0.7407830000,0.6717840000,-1.0000000000,0.0000000000
0.7223500000,0.6864040000,-1.0000000000,-1.0000000000
0.6578340000,0.6864040000,1.0000000000,-1.0000000000
0.6440090000,0.6864040000,1.0000000000,-1.0000000000
0.5933180000,0.6747080000,1.0000000000,-1.0000000000
0.5403230000,0.8998540000,1.0000000000,-1.0000000000
0.6232720000,0.8954680000,1.0000000000,-1.0000000000
0.6509220000,0.8910820000,1.0000000000,-1.0000000000
0.6923960000,0.8823100000,-1.0000000000,-1.0000000000
0.6394010000,0.8779240000,-1.0000000000,-1.0000000000
0.5495390000,0.8866960000,1.0000000000,-1.0000000000
0.5403230000,0.8925440000,1.0000000000,-1.0000000000
0.5656680000,0.9086260000,-1.0000000000,-1.0000000000
0.6324880000,0.9159360000,1.0000000000,-1.0000000000
0.7039170000,0.9071640000,1.0000000000,1.0000000000
0.7500000000,0.8750000000,-1.0000000000,1.0000000000
0.8053000000,0.7931290000,1.0000000000,-1.0000000000
0.8375580000,0.7799710000,-1.0000000000,-1.0000000000
0.8675120000,0.7755850000,-1.0000000000,-1.0000000000
0.9043780000,0.7726610000,1.0000000000,-1.0000000000
0.9527650000,0.7741230000,1.0000000000,-1.0000000000
0.9758060000,0.7770470000,-1.0000000000,-1.0000000000
0.9688940000,0.8019010000,-1.0000000000,-1.0000000000
0.9274190000,0.8033630000,1.0000000000,-1.0000000000
0.8813360000,0.8004390000,-1.0000000000,-1.0000000000
0.8513820000,0.8062870000,1.0000000000,-1.0000000000
0.8076040000,0.8457600000,1.0000000000,-1.0000000000
0.8006910000,0.8662280000,-1.0000000000,-1.0000000000
0.8605990000,0.8501460000,-1.0000000000,-1.0000000000
0.9089860000,0.8369880000,-1.0000000000,-1.0000000000
0.9205070000,0.8267540000,1.0000000000,-1.0000000000
0.9550690000,0.8223680000,1.0000000000,1.0000000000
0.9665900000,0.8223680000,-1.0000000000,-1.0000000000
0.9688940000,0.8209060000,1.0000000000,-1.0000000000
0.8974650000,0.8194440000,-1.0000000000,-1.0000000000
0.8513820000,0.7887430000,1.0000000000,-1.0000000000
0.8513820000,0.7858190000,1.0000000000,-1.0000000000
0.8559910000,0.8399120000,1.0000000000,-1.0000000000
0.8283410000,0.8501460000,1.0000000000,-1.0000000000
0.6002300000,0.9407890000,-1.0000000000,-1.0000000000
0.6002300000,0.9407890000,1.0000000000,-1.0000000000
0.4827190000,0.9305560000,1.0000000000,-1.0000000000
0.2546080000,0.9510230000,-1.0000000000,-1.0000000000
0.2269590000,0.8998540000,1.0000000000,1.0000000000
0.1601380000,0.8910820000,1.0000000000,-1.0000000000
0.1762670000,0.8603800000,1.0000000000,-1.0000000000
0.1117510000,0.8662280000,-1.0000000000,-1.0000000000
0.0748848000,0.8852340000,-1.0000000000,-1.0000000000
0.0541475000,0.8837720000,1.0000000000,-1.0000000000
0.0449309000,0.9144740000,1.0000000000,-1.0000000000
0.1117510000,0.9130120000,1.0000000000,-1.0000000000
0.1048390000,0.8969300000,1.0000000000,-1.0000000000
0.1532260000,0.8852340000,-1.0000000000,1.0000000000
0.1993090000,0.8837720000,-1.0000000000,-1.0000000000
0.0610599000,0.9115500000,-1.0000000000,-1.0000000000
0.0564516000,0.8969300000,-1.0000000000,-1.0000000000
0.0748848000,0.8793860000,-1.0000000000,-1.0000000000
0.0933180000,0.8589180000,1.0000000000,-1.0000000000
0.3536870000,0.7141810000,-1.0000000000,-1.0000000000
0.3099080000,0.7741230000,1.0000000000,-1.0000000000
0.2707370000,0.7448830000,1.0000000000,-1.0000000000
0.3006910000,0.6980990000,1.0000000000,-1.0000000000
0.3928570000,0.6732460000,-1.0000000000,-1.0000000000
0.4043780000,0.6542400000,-1.0000000000,-1.0000000000
0.4205070000,0.6381580000,1.0000000000,0.0000000000
0.4458530000,0.6162280000,-1.0000000000,-1.0000000000
0.4642860000,0.6045320000,1.0000000000,-1.0000000000
0.3744240000,0.5635960000,1.0000000000,-1.0000000000
0.4251150000,0.5285090000,-1.0000000000,0.0000000000
0.3698160000,0.5095030000,-1.0000000000,-1.0000000000
0.4804150000,0.6425440000,1.0000000000,-1.0000000000
0.4297240000,0.6688600000,-1.0000000000,0.0000000000
0.5541470000,0.6790940000,1.0000000000,-1.0000000000
0.6209680000,0.7054090000,1.0000000000,-1.0000000000
0.6163590000,0.7390350000,-1.0000000000,0.0000000000
0.6624420000,0.7229530000,1.0000000000,-1.0000000000
0.6831800000,0.7054090000,-1.0000000000,-1.0000000000
0.6923960000,0.6513160000,1.0000000000,-1.0000000000
0.7200460000,0.6410820000,-1.0000000000,-1.0000000000
0.7269590000,0.6673980000,1.0000000000,-1.0000000000
0.6808760000,0.6951750000,-1.0000000000,-1.0000000000
0.6555300000,0.7112570000,1.0000000000,-1.0000000000
0.6209680000,0.7229530000,-1.0000000000,-1.0000000000
0.5910140000,0.7185670000,-1.0000000000,-1.0000000000
0.5679720000,0.6878650000,-1.0000000000,-1.0000000000
0.5679720000,0.6615500000,1.0000000000,-1.0000000000
0.5656680000,0.6483920000,-1.0000000000,-1.0000000000
0.6278800000,0.5913740000,1.0000000000,-1.0000000000
0.5633640000,0.5957600000,1.0000000000,-1.0000000000
0.6186640000,0.6001460000,1.0000000000,-1.0000000000
0.6071430000,0.6220760000,1.0000000000,-1.0000000000
0.5887100000,0.6206140000,-1.0000000000,-1.0000000000
0.5771890000,0.5942980000,-1.0000000000,-1.0000000000
0.5841010000,0.5767540000,1.0000000000,-1.0000000000
0.6117510000,0.5665200000,-1.0000000000,-1.0000000000
0.6232720000,0.5621350000,-1.0000000000,-1.0000000000
0.6232720000,0.5577490000,1.0000000000,-1.0000000000
0.5979260000,0.5548250000,-1.0000000000,-1.0000000000
0.5541470000,0.5475150000,-1.0000000000,-1.0000000000
0.5449310000,0.5358190000,1.0000000000,-1.0000000000
0.5449310000,0.5328950000,-1.0000000000,-1.0000000000
0.5702760000,0.5285090000,-1.0000000000,-1.0000000000
0.5956220000,0.5270470000,-1.0000000000,-1.0000000000
0.5979260000,0.5270470000,-1.0000000000,-1.0000000000
0.6301840000,0.5299710000,-1.0000000000,-1.0000000000
0.6578340000,0.5299710000,-1.0000000000,-1.0000000000
0.7039170000,0.5270470000,-1.0000000000,1.0000000000
0.7062210000,0.5168130000,-1.0000000000,-1.0000000000
0.7016130000,0.5109650000,-1.0000000000,1.0000000000
0.6647470000,0.5358190000,1.0000000000,-1.0000000000
0.6440090000,0.5635960000,-1.0000000000,-1.0000000000
0.6440090000,0.5752920000,-1.0000000000,-1.0000000000
0.6440090000,0.5884500000,-1.0000000000,-1.0000000000
0.6370970000,0.6074560000,1.0000000000,-1.0000000000
0.6347930000,0.6162280000,1.0000000000,-1.0000000000
0.5887100000,0.6191520000,-1.0000000000,-1.0000000000
0.5518430000,0.6074560000,1.0000000000,-1.0000000000
0.5610600000,0.5942980000,-1.0000000000,-1.0000000000
0.5771890000,0.5416670000,1.0000000000,-1.0000000000
0.5518430000,0.5226610000,-1.0000000000,-1.0000000000
0.5472350000,0.5109650000,1.0000000000,-1.0000000000
0.5472350000,0.5080410000,-1.0000000000,-1.0000000000
0.5933180000,0.5168130000,1.0000000000,-1.0000000000
0.6693550000,0.5226610000,-1.0000000000,1.0000000000
0.6739630000,0.5241230000,1.0000000000,-1.0000000000
0.6624420000,0.5665200000,1.0000000000,-1.0000000000
0.6624420000,0.5665200000,1.0000000000,1.0000000000
0.6417050000,0.5358190000,1.0000000000,1.0000000000
0.6647470000,0.5168130000,1.0000000000,1.0000000000
0.5794930000,0.5621350000,1.0000000000,1.0000000000
0.5449310000,0.5709060000,1.0000000000,-1.0000000000
0.5472350000,0.5782160000,1.0000000000,-1.0000000000
0.6048390000,0.5957600000,-1.0000000000,-1.0000000000
0.6509220000,0.5957600000,1.0000000000,-1.0000000000
0.3882490000,0.6454680000,1.0000000000,-1.0000000000
0.3698160000,0.6937130000,-1.0000000000,0.0000000000
0.3122120000,0.7068710000,-1.0000000000,-1.0000000000
0.3122120000,0.7288010000,-1.0000000000,-1.0000000000
0.2730410000,0.7127190000,1.0000000000,-1.0000000000
0.3053000000,0.7404970000,1.0000000000,-1.0000000000
0.3122120000,0.7536550000,-1.0000000000,-1.0000000000
0.2546080000,0.7565790000,1.0000000000,-1.0000000000
0.2891710000,0.7419590000,1.0000000000,-1.0000000000
0.2730410000,0.7171050000,1.0000000000,-1.0000000000
0.2960830000,0.6878650000,-1.0000000000,-1.0000000000
0.3444700000,0.6659360000,-1.0000000000,0.0000000000
0.3675120000,0.6513160000,-1.0000000000,-1.0000000000
0.3928570000,0.6527780000,1.0000000000,-1.0000000000
0.3882490000,0.6089180000,-1.0000000000,-1.0000000000
0.4066820000,0.5913740000,1.0000000000,-1.0000000000
0.3905530000,0.5635960000,-1.0000000000,-1.0000000000
0.4020740000,0.5416670000,-1.0000000000,0.0000000000
0.3582950000,0.5431290000,1.0000000000,-1.0000000000
0.3398620000,0.6118420000,1.0000000000,-1.0000000000
0.3513820000,0.6893270000,1.0000000000,-1.0000000000
0.3053000000,0.7331870000,-1.0000000000,-1.0000000000
0.2407830000,0.7492690000,1.0000000000,-1.0000000000
0.2822580000,0.7653510000,1.0000000000,-1.0000000000
0.4873270000,0.6673980000,-1.0000000000,-1.0000000000
0.5195850000,0.6776320000,-1.0000000000,-1.0000000000
0.5864060000,0.6864040000,-1.0000000000,0.0000000000
0.6347930000,0.7127190000,-1.0000000000,-1.0000000000
0.6486180000,0.7288010000,-1.0000000000,0.0000000000
0.6647470000,0.7302630000,-1.0000000000,-1.0000000000
0.6993090000,0.7010230000,-1.0000000000,0.0000000000
0.7523040000,0.6337720000,1.0000000000,-1.0000000000
0.7845620000,0.5519010000,-1.0000000000,0.0000000000
0.8029950000,0.5387430000,1.0000000000,-1.0000000000
0.8306450000,0.5328950000,-1.0000000000,-1.0000000000
0.6094470000,0.8165200000,-1.0000000000,-1.0000000000
0.6117510000,0.7858190000,1.0000000000,-1.0000000000
0.5748850000,0.7565790000,-1.0000000000,-1.0000000000
0.5449310000,0.7273390000,1.0000000000,-1.0000000000
0.5587560000,0.7185670000,-1.0000000000,-1.0000000000
0.5887100000,0.7229530000,-1.0000000000,0.0000000000
0.5956220000,0.7331870000,-1.0000000000,-1.0000000000
0.6025350000,0.7521930000,-1.0000000000,0.0000000000
0.5702760000,0.7653510000,1.0000000000,0.0000000000
0.5633640000,0.7770470000,1.0000000000,-1.0000000000
0.5771890000,0.7960530000,-1.0000000000,-1.0000000000
0.6002300000,0.8135960000,1.0000000000,-1.0000000000
0.6186640000,0.8252920000,-1.0000000000,0.0000000000
0.6463130000,0.7960530000,1.0000000000,-1.0000000000
0.6370970000,0.7653510000,1.0000000000,-1.0000000000
0.6486180000,0.7390350000,1.0000000000,-1.0000000000
0.6509220000,0.7434210000,-1.0000000000,-1.0000000000
0.6601380000,0.7419590000,-1.0000000000,-1.0000000000
0.6601380000,0.7404970000,-1.0000000000,0.0000000000
0.6693550000,0.7521930000,-1.0000000000,-1.0000000000
0.6347930000,0.7828950000,-1.0000000000,-1.0000000000
0.6025350000,0.7755850000,1.0000000000,-1.0000000000
0.6048390000,0.7711990000,1.0000000000,-1.0000000000
0.6163590000,0.7551170000,1.0000000000,-1.0000000000
0.6578340000,0.7478070000,1.0000000000,-1.0000000000
0.6808760000,0.7404970000,1.0000000000,-1.0000000000
0.6970050000,0.7054090000,-1.0000000000,0.0000000000
0.7085250000,0.6747080000,1.0000000000,-1.0000000000
0.7361750000,0.6440060000,-1.0000000000,0.0000000000
0.1647470000,0.8121350000,-1.0000000000,-1.0000000000
0.1509220000,0.8472220000,1.0000000000,-1.0000000000
0.1417050000,0.8165200000,1.0000000000,-1.0000000000
0.1347930000,0.8457600000,-1.0000000000,-1.0000000000
0.1278800000,0.8779240000,1.0000000000,-1.0000000000
0.0841014000,0.8603800000,-1.0000000000,-1.0000000000
0.0679724000,0.8267540000,1.0000000000,-1.0000000000
0.1232720000,0.7902050000,-1.0000000000,-1.0000000000
0.0817972000,0.8019010000,-1.0000000000,-1.0000000000
0.1370970000,0.7609650000,1.0000000000,1.0000000000
0.1370970000,0.7127190000,1.0000000000,1.0000000000
0.1509220000,0.7492690000,1.0000000000,-1.0000000000
0.1486180000,0.6732460000,1.0000000000,-1.0000000000
0.2131340000,0.6293860000,1.0000000000,1.0000000000
0.1417050000,0.5957600000,1.0000000000,-1.0000000000
0.1693550000,0.6264620000,1.0000000000,-1.0000000000
0.0771889000,0.6235380000,-1.0000000000,-1.0000000000
0.0564516000,0.6849420000,-1.0000000000,-1.0000000000
0.0864055000,0.7404970000,1.0000000000,-1.0000000000
0.0702765000,0.7653510000,-1.0000000000,-1.0000000000
0.0633641000,0.8209060000,-1.0000000000,-1.0000000000
0.0541475000,0.7624270000,1.0000000000,-1.0000000000
0.0518433000,0.6951750000,-1.0000000000,-1.0000000000
0.0817972000,0.6483920000,1.0000000000,-1.0000000000
0.1532260000,0.5942980000,-1.0000000000,1.0000000000
0.2085250000,0.5826020000,1.0000000000,1.0000000000
0.7292630000,0.6922510000,1.0000000000,-1.0000000000
0.8053000000,0.6922510000,-1.0000000000,-1.0000000000
0.8283410000,0.6922510000,-1.0000000000,-1.0000000000
0.8559910000,0.6893270000,-1.0000000000,-1.0000000000
0.9274190000,0.6747080000,1.0000000000,-1.0000000000
0.9758060000,0.6483920000,-1.0000000000,-1.0000000000
0.9804150000,0.6366960000,-1.0000000000,-1.0000000000
0.8997700000,0.6293860000,1.0000000000,-1.0000000000
0.8721200000,0.6206140000,-1.0000000000,-1.0000000000
0.8490780000,0.6440060000,1.0000000000,-1.0000000000
0.8145160000,0.6542400000,-1.0000000000,-1.0000000000
0.7845620000,0.6732460000,1.0000000000,-1.0000000000
0.7753460000,0.6849420000,-1.0000000000,-1.0000000000
0.7753460000,0.6864040000,-1.0000000000,-1.0000000000
0.7453920000,0.6922510000,-1.0000000000,-1.0000000000
0.8099080000,0.6717840000,-1.0000000000,-1.0000000000
0.8582950000,0.6790940000,-1.0000000000,-1.0000000000
0.8629030000,0.6615500000,1.0000000000,-1.0000000000
0.9228110000,0.6571640000,-1.0000000000,-1.0000000000
0.9412440000,0.6381580000,-1.0000000000,-1.0000000000
0.9896310000,0.6381580000,1.0000000000,-1.0000000000
0.9873270000,0.6469300000,1.0000000000,-1.0000000000
0.9182030000,0.6790940000,1.0000000000,-1.0000000000
0.8421660000,0.6732460000,-1.0000000000,0.0000000000
0.8099080000,0.6586260000,-1.0000000000,-1.0000000000
0.7269590000,0.7024850000,-1.0000000000,-1.0000000000
0.6900920000,0.7039470000,-1.0000000000,-1.0000000000
0.6900920000,0.7258770000,-1.0000000000,0.0000000000
0.5794930000,0.7375730000,1.0000000000,-1.0000000000
0.4735020000,0.6893270000,1.0000000000,-1.0000000000
0.4343320000,0.6747080000,1.0000000000,-1.0000000000
0.2500000000,0.6878650000,-1.0000000000,-1.0000000000
0.2246540000,0.7229530000,1.0000000000,-1.0000000000
0.1808760000,0.6937130000,-1.0000000000,-1.0000000000
0.1186640000,0.5723680000,-1.0000000000,-1.0000000000
0.1647470000,0.5460530000,-1.0000000000,-1.0000000000
0.1716590000,0.5299710000,1.0000000000,-1.0000000000
0.1555300000,0.4919590000,1.0000000000,-1.0000000000
0.1324880000,0.5486840000,1.0000000000,-1.0000000000
0.1255760000,0.5875730000,-1.0000000000,-1.0000000000
0.1785710000,0.5752920000,1.0000000000,1.0000000000
0.2223500000,0.5425440000,1.0000000000,-1.0000000000
0.2292630000,0.5671050000,-1.0000000000,-1.0000000000
0.2016130000,0.6223680000,-1.0000000000,-1.0000000000
0.1739630000,0.6203220000,1.0000000000,-1.0000000000
0.1417050000,0.5364040000,1.0000000000,-1.0000000000
0.1370970000,0.5097950000,-1.0000000000,-1.0000000000
0.0771889000,0.5773390000,1.0000000000,1.0000000000
0.0748848000,0.5957600000,-1.0000000000,-1.0000000000
0.1324880000,0.5691520000,-1.0000000000,-1.0000000000
0.1923960000,0.5404970000,-1.0000000000,-1.0000000000
0.0748848000,0.5486840000,-1.0000000000,-1.0000000000
0.1163590000,0.5445910000,-1.0000000000,-1.0000000000
0.1255760000,0.6796780000,-1.0000000000,-1.0000000000
0.0910138000,0.7697370000,1.0000000000,-1.0000000000
0.1509220000,0.8618420000,1.0000000000,-1.0000000000
0.2039170000,0.9273390000,1.0000000000,-1.0000000000
0.2661290000,0.9334800000,1.0000000000,-1.0000000000
0.3214290000,0.9396200000,1.0000000000,-1.0000000000
0.5057600000,0.8517540000,-1.0000000000,-1.0000000000
0.4827190000,0.8184210000,-1.0000000000,-1.0000000000
0.5080650000,0.8131580000,1.0000000000,-1.0000000000
0.4850230000,0.7956140000,1.0000000000,-1.0000000000
0.4781110000,0.7728070000,1.0000000000,-1.0000000000
0.4781110000,0.7464910000,1.0000000000,1.0000000000
0.4596770000,0.7464910000,1.0000000000,1.0000000000
0.4596770000,0.7622810000,-1.0000000000,-1.0000000000
0.4781110000,0.7868420000,1.0000000000,-1.0000000000
0.4596770000,0.8061400000,-1.0000000000,-1.0000000000
0.4619820000,0.8324560000,-1.0000000000,-1.0000000000
0.4735020000,0.8745610000,1.0000000000,1.0000000000
0.4758060000,0.9114040000,-1.0000000000,-1.0000000000
0.4481570000,0.9008770000,-1.0000000000,-1.0000000000
0.4965440000,0.8570180000,1.0000000000,-1.0000000000
0.5149770000,0.8184210000,1.0000000000,-1.0000000000
0.4781110000,0.7728070000,1.0000000000,1.0000000000
0.4758060000,0.7307020000,-1.0000000000,-1.0000000000
0.4366360000,0.7535090000,-1.0000000000,-1.0000000000
0.4688940000,0.7640350000,-1.0000000000,-1.0000000000
0.3836410000,0.4850880000,1.0000000000,-1.0000000000
0.3536870000,0.4710530000,1.0000000000,0.0000000000
0.3698160000,0.4517540000,-1.0000000000,-1.0000000000
0.3559910000,0.4359650000,-1.0000000000,0.0000000000
0.3444700000,0.4219300000,1.0000000000,-1.0000000000
0.3490780000,0.4114040000,1.0000000000,-1.0000000000
0.3813360000,0.4289470000,1.0000000000,-1.0000000000
0.3813360000,0.4552630000,-1.0000000000,-1.0000000000
0.3790320000,0.4921050000,-1.0000000000,0.0000000000
0.3859450000,0.5149120000,1.0000000000,-1.0000000000
0.4158990000,0.5359650000,-1.0000000000,-1.0000000000
0.4135940000,0.5166670000,1.0000000000,-1.0000000000
0.4043780000,0.5008770000,1.0000000000,-1.0000000000
0.4112900000,0.4745610000,1.0000000000,-1.0000000000
0.4043780000,0.4500000000,-1.0000000000,-1.0000000000
0.3951610000,0.4342110000,1.0000000000,0.0000000000
0.3974650000,0.4236840000,1.0000000000,-1.0000000000
0.4089860000,0.4166670000,1.0000000000,-1.0000000000
0.7891710000,0.5236840000,1.0000000000,-1.0000000000
0.8076040000,0.4885960000,-1.0000000000,-1.0000000000
0.8053000000,0.4780700000,1.0000000000,-1.0000000000
0.7845620000,0.4412280000,-1.0000000000,-1.0000000000
0.7822580000,0.4254390000,-1.0000000000,-1.0000000000
0.8306450000,0.4219300000,1.0000000000,-1.0000000000
0.8398620000,0.4412280000,-1.0000000000,-1.0000000000
0.8237330000,0.4657890000,-1.0000000000,-1.0000000000
0.8398620000,0.4991230000,-1.0000000000,0.0000000000
0.8398620000,0.5219300000,1.0000000000,-1.0000000000
0.8329490000,0.5535090000,-1.0000000000,-1.0000000000
0.8421660000,0.5745610000,1.0000000000,-1.0000000000
0.8605990000,0.5868420000,1.0000000000,-1.0000000000
0.8122120000,0.5114040000,1.0000000000,-1.0000000000
0.7983870000,0.5026320000,-1.0000000000,-1.0000000000
0.8029950000,0.4763160000,-1.0000000000,0.0000000000
0.7753460000,0.4289470000,-1.0000000000,-1.0000000000
0.7361750000,0.4166670000,1.0000000000,-1.0000000000
0.7822580000,0.4692980000,1.0000000000,-1.0000000000
0.7822580000,0.4605260000,1.0000000000,-1.0000000000
0.7592170000,0.4500000000,1.0000000000,-1.0000000000
0.7453920000,0.4517540000,1.0000000000,-1.0000000000
0.7407830000,0.4464910000,-1.0000000000,-1.0000000000
0.7338710000,0.4394740000,1.0000000000,-1.0000000000
0.6993090000,0.4482460000,1.0000000000,-1.0000000000
0.6970050000,0.4657890000,1.0000000000,-1.0000000000
0.6923960000,0.4657890000,-1.0000000000,-1.0000000000
0.6762670000,0.4640350000,-1.0000000000,0.0000000000
0.6578340000,0.4587720000,1.0000000000,-1.0000000000
0.6578340000,0.4587720000,1.0000000000,-1.0000000000
0.6440090000,0.4552630000,-1.0000000000,0.0000000000
0.6486180000,0.4377190000,-1.0000000000,-1.0000000000
0.6186640000,0.4236840000,1.0000000000,-1.0000000000
0.5587560000,0.4149120000,-1.0000000000,-1.0000000000
0.5541470000,0.4166670000,-1.0000000000,-1.0000000000
0.5910140000,0.4412280000,1.0000000000,-1.0000000000
0.6094470000,0.4482460000,-1.0000000000,-1.0000000000
0.6209680000,0.4710530000,1.0000000000,-1.0000000000
0.6278800000,0.4780700000,-1.0000000000,0.0000000000
0.6440090000,0.4780700000,1.0000000000,-1.0000000000
0.6624420000,0.4745610000,1.0000000000,-1.0000000000
0.6808760000,0.4745610000,1.0000000000,-1.0000000000
0.6324880000,0.4745610000,1.0000000000,-1.0000000000
0.5887100000,0.4517540000,1.0000000000,-1.0000000000
0.5817970000,0.4324560000,-1.0000000000,0.0000000000
0.5702760000,0.4114040000,-1.0000000000,-1.0000000000
0.5587560000,0.4061400000,1.0000000000,-1.0000000000
0.5541470000,0.4991230000,1.0000000000,-1.0000000000
0.5149770000,0.5166670000,1.0000000000,-1.0000000000
0.5103690000,0.5043860000,1.0000000000,-1.0000000000
0.5172810000,0.4956140000,-1.0000000000,-1.0000000000
0.5541470000,0.4903510000,-1.0000000000,-1.0000000000
0.5541470000,0.4763160000,1.0000000000,-1.0000000000
0.5403230000,0.4728070000,-1.0000000000,-1.0000000000
0.5288020000,0.4868420000,-1.0000000000,-1.0000000000
0.5034560000,0.4850880000,1.0000000000,-1.0000000000
0.4919350000,0.4657890000,-1.0000000000,-1.0000000000
0.5172810000,0.4622810000,-1.0000000000,-1.0000000000
0.5264980000,0.4587720000,-1.0000000000,-1.0000000000
0.5403230000,0.4394740000,-1.0000000000,-1.0000000000
0.5172810000,0.4359650000,-1.0000000000,-1.0000000000
0.4965440000,0.4219300000,-1.0000000000,-1.0000000000
0.4896310000,0.4184210000,-1.0000000000,-1.0000000000
0.4735020000,0.4166670000,1.0000000000,-1.0000000000
0.4873270000,0.4482460000,-1.0000000000,-1.0000000000
0.5080650000,0.4500000000,1.0000000000,1.0000000000
0.5149770000,0.4885960000,-1.0000000000,-1.0000000000
0.4504610000,0.4552630000,1.0000000000,-1.0000000000
0.4758060000,0.4359650000,-1.0000000000,-1.0000000000
0.4735020000,0.4201750000,-1.0000000000,1.0000000000
0.4573730000,0.4114040000,1.0000000000,1.0000000000
0.4504610000,0.4096490000,-1.0000000000,-1.0000000000
0.4873270000,0.4587720000,-1.0000000000,-1.0000000000
0.5334100000,0.5359650000,-1.0000000000,-1.0000000000
0.5380180000,0.5728070000,1.0000000000,1.0000000000
0.5288020000,0.5359650000,-1.0000000000,-1.0000000000
0.5126730000,0.4991230000,-1.0000000000,-1.0000000000
0.1854840000,0.5114040000,-1.0000000000,-1.0000000000
0.2085250000,0.5271930000,1.0000000000,-1.0000000000
0.1900920000,0.5201750000,1.0000000000,-1.0000000000
0.1877880000,0.4973680000,1.0000000000,1.0000000000
0.1900920000,0.4798250000,1.0000000000,-1.0000000000
0.1970050000,0.4500000000,-1.0000000000,-1.0000000000
0.1947000000,0.4271930000,-1.0000000000,-1.0000000000
0.1762670000,0.4078950000,-1.0000000000,-1.0000000000
0.1463130000,0.4026320000,-1.0000000000,-1.0000000000
0.1324880000,0.4412280000,-1.0000000000,-1.0000000000
0.1578340000,0.4640350000,1.0000000000,-1.0000000000
0.1647470000,0.4640350000,1.0000000000,1.0000000000
0.1186640000,0.4885960000,1.0000000000,-1.0000000000
0.1278800000,0.5096490000,-1.0000000000,-1.0000000000
0.1601380000,0.4675440000,1.0000000000,-1.0000000000
0.1739630000,0.4324560000,-1.0000000000,-1.0000000000
0.1578340000,0.4254390000,-1.0000000000,-1.0000000000
0.1831800000,0.4201750000,1.0000000000,-1.0000000000
0.2062210000,0.4798250000,-1.0000000000,-1.0000000000
0.2154380000,0.5166670000,-1.0000000000,-1.0000000000
0.2269590000,0.5324560000,-1.0000000000,-1.0000000000
0.1163590000,0.5254390000,-1.0000000000,-1.0000000000
0.1163590000,0.4850880000,1.0000000000,-1.0000000000
0.1370970000,0.4552630000,1.0000000000,1.0000000000
0.1002300000,0.4447370000,1.0000000000,-1.0000000000
0.2131340000,0.4833330000,-1.0000000000,-1.0000000000
0.2615210000,0.5359650000,1.0000000000,-1.0000000000
0.2523040000,0.5535090000,1.0000000000,-1.0000000000
0.7108290000,0.9815790000,1.0000000000,-1.0000000000
0.6624420000,0.9692980000,-1.0000000000,-1.0000000000
0.6947000000,0.9868420000,-1.0000000000,-1.0000000000
0.7154380000,0.9587720000,-1.0000000000,-1.0000000000
0.3721200000,0.9885960000,1.0000000000,-1.0000000000
0.3744240000,0.9675440000,-1.0000000000,-1.0000000000
0.4158990000,0.9710530000,-1.0000000000,-1.0000000000
0.2269590000,0.7921050000,1.0000000000,-1.0000000000
0.2476960000,0.8342110000,1.0000000000,-1.0000000000
0.2730410000,0.8587720000,-1.0000000000,0.0000000000
0.2914750000,0.8622810000,-1.0000000000,-1.0000000000
0.2223500000,0.8131580000,1.0000000000,0.0000000000
0.2246540000,0.7973680000,1.0000000000,-1.0000000000
0.2039170000,0.7745610000,1.0000000000,-1.0000000000
0.1854840000,0.7552630000,-1.0000000000,-1.0000000000
0.2062210000,0.7289470000,1.0000000000,0.0000000000
0.2453920000,0.7236840000,-1.0000000000,-1.0000000000
0.2223500000,0.7061400000,-1.0000000000,-1.0000000000
0.2269590000,0.6956140000,1.0000000000,-1.0000000000
0.2592170000,0.6815790000,1.0000000000,-1.0000000000
0.2246540000,0.6605260000,1.0000000000,-1.0000000000
0.2039170000,0.6482460000,-1.0000000000,-1.0000000000
0.1993090000,0.6552630000,1.0000000000,-1.0000000000
0.2338710000,0.6973680000,1.0000000000,-1.0000000000
0.2569120000,0.7271930000,-1.0000000000,-1.0000000000
0.2546080000,0.6657890000,-1.0000000000,-1.0000000000
0.2661290000,0.6412280000,1.0000000000,-1.0000000000
0.2430880000,0.6359650000,-1.0000000000,-1.0000000000
0.2338710000,0.6184210000,1.0000000000,-1.0000000000
0.2407830000,0.6131580000,1.0000000000,-1.0000000000
0.2730410000,0.6254390000,1.0000000000,-1.0000000000
0.2891710000,0.6254390000,1.0000000000,-1.0000000000
0.3029950000,0.6149120000,-1.0000000000,0.0000000000
0.3191240000,0.6008770000,-1.0000000000,0.0000000000
0.3375580000,0.5850880000,1.0000000000,-1.0000000000
0.3629030000,0.5482460000,-1.0000000000,0.0000000000
0.3744240000,0.5289470000,-1.0000000000,-1.0000000000
0.6048390000,0.8447370000,-1.0000000000,-1.0000000000
0.5702760000,0.8166670000,1.0000000000,-1.0000000000
0.5633640000,0.8043860000,-1.0000000000,-1.0000000000
0.6232720000,0.8149120000,-1.0000000000,0.0000000000
0.6647470000,0.8043860000,1.0000000000,-1.0000000000
0.6647470000,0.7833330000,-1.0000000000,-1.0000000000
0.6877880000,0.7482460000,1.0000000000,-1.0000000000
0.7177420000,0.7166670000,1.0000000000,-1.0000000000
0.7384790000,0.7026320000,-1.0000000000,0.0000000000
0.7407830000,0.7359650000,-1.0000000000,-1.0000000000
0.7108290000,0.7377190000,1.0000000000,-1.0000000000
0.6854840000,0.7657890000,-1.0000000000,-1.0000000000
0.6831800000,0.7763160000,1.0000000000,-1.0000000000
0.6877880000,0.8026320000,-1.0000000000,-1.0000000000
0.6877880000,0.8201750000,1.0000000000,-1.0000000000
0.6693550000,0.8377190000,1.0000000000,-1.0000000000
0.6555300000,0.8447370000,1.0000000000,0.0000000000
0.6394010000,0.8184210000,1.0000000000,-1.0000000000
0.6394010000,0.8394740000,-1.0000000000,0.0000000000
0.5841010000,0.8394740000,-1.0000000000,-1.0000000000
0.5633640000,0.7973680000,1.0000000000,-1.0000000000
0.5472350000,0.7728070000,1.0000000000,-1.0000000000
0.5679720000,0.8429820000,-1.0000000000,-1.0000000000
0.5817970000,0.8692980000,1.0000000000,-1.0000000000
0.5956220000,0.8710530000,-1.0000000000,-1.0000000000
0.6255760000,0.8692980000,-1.0000000000,-1.0000000000
0.6486180000,0.8570180000,1.0000000000,-1.0000000000
0.6370970000,0.8394740000,-1.0000000000,-1.0000000000
0.6417050000,0.8043860000,1.0000000000,-1.0000000000
0.6670510000,0.8570180000,1.0000000000,-1.0000000000
0.7062210000,0.8219300000,-1.0000000000,-1.0000000000
0.9619820000,0.5798250000,-1.0000000000,-1.0000000000
0.9274190000,0.5921050000,1.0000000000,-1.0000000000
0.9274190000,0.5728070000,1.0000000000,-1.0000000000
0.9481570000,0.5692980000,1.0000000000,-1.0000000000
0.9619820000,0.5500000000,1.0000000000,-1.0000000000
0.9573730000,0.5570180000,-1.0000000000,-1.0000000000
0.9158990000,0.5570180000,-1.0000000000,-1.0000000000
0.9158990000,0.5570180000,1.0000000000,-1.0000000000
0.9228110000,0.5289470000,1.0000000000,-1.0000000000
0.9251150000,0.5149120000,1.0000000000,-1.0000000000
0.9366360000,0.4991230000,1.0000000000,-1.0000000000
0.9688940000,0.4903510000,1.0000000000,-1.0000000000
0.9988480000,0.5149120000,1.0000000000,1.0000000000
0.9596770000,0.5429820000,-1.0000000000,-1.0000000000
0.9550690000,0.5289470000,1.0000000000,1.0000000000
0.9412440000,0.5008770000,-1.0000000000,-1.0000000000
0.9182030000,0.4868420000,1.0000000000,-1.0000000000
0.9112900000,0.4815790000,-1.0000000000,-1.0000000000
0.9135940000,0.4657890000,-1.0000000000,-1.0000000000
0.9066820000,0.4429820000,-1.0000000000,-1.0000000000
0.8790320000,0.4219300000,1.0000000000,-1.0000000000
0.8744240000,0.4078950000,-1.0000000000,-1.0000000000
0.9274190000,0.4078950000,-1.0000000000,-1.0000000000
0.9481570000,0.4114040000,-1.0000000000,-1.0000000000
0.9619820000,0.4131580000,1.0000000000,-1.0000000000
0.9665900000,0.4254390000,-1.0000000000,-1.0000000000
0.9665900000,0.4342110000,1.0000000000,-1.0000000000
0.9481570000,0.4342110000,-1.0000000000,-1.0000000000
0.9343320000,0.4359650000,-1.0000000000,-1.0000000000
0.9481570000,0.4692980000,1.0000000000,-1.0000000000
0.9642860000,0.4745610000,1.0000000000,-1.0000000000
0.9896310000,0.4535090000,-1.0000000000,-1.0000000000
0.9873270000,0.4359650000,-1.0000000000,-1.0000000000
0.9665900000,0.5166670000,1.0000000000,-1.0000000000
0.9596770000,0.5570180000,1.0000000000,-1.0000000000
0.9043780000,0.5605260000,-1.0000000000,-1.0000000000
0.9158990000,0.5254390000,-1.0000000000,-1.0000000000
0.9228110000,0.4938600000,-1.0000000000,-1.0000000000
0.9112900000,0.4535090000,1.0000000000,-1.0000000000
0.8905530000,0.4447370000,1.0000000000,1.0000000000
0.8744240000,0.5078950000,-1.0000000000,-1.0000000000
0.8974650000,0.5271930000,1.0000000000,-1.0000000000
0.9135940000,0.5377190000,-1.0000000000,-1.0000000000
0.9688940000,0.5657890000,1.0000000000,-1.0000000000
0.9850230000,0.5798250000,-1.0000000000,-1.0000000000
0.9942400000,0.5166670000,-1.0000000000,-1.0000000000
0.9642860000,0.4728070000,1.0000000000,-1.0000000000
0.9758060000,0.4394740000,1.0000000000,1.0000000000
0.9896310000,0.4254390000,1.0000000000,1.0000000000
0.9965440000,0.4149120000,-1.0000000000,-1.0000000000
